   1 0 20.200 1 00.000 2 00.000 3 56.200 4 00.000 
   2 0 65.200 1 85.300 2 00.000 3 68.900 4 00.000 
   4 0 85.600 1 00.000 2 00.000 3 98.200 4 00.000 
   5 0 45.200 1 00.000 2 00.000 3 89.000 4 00.000 
   9 0 74.200 1 00.000 2 00.000 3 00.000 4 00.000 
  10 0 93.600 1 00.000 2 00.000 3 00.000 4 00.000 
  11 0 87.400 1 00.000 2 00.000 3 00.000 4 00.000 
  12 0 75.400 1 00.000 2 00.000 3 00.000 4 00.000 
  13 0 29.700 1 00.000 2 00.000 4 00.000 5 00.000 
  19 2 00.000 1 00.000 0 54.700 4 00.000 3 00.000 
  20 0 89.800 1 98.300 2 00.000 3 00.000 4 00.000 
  21 0 00.000 1 78.900 2 00.000 3 00.000 4 00.000 
  22 0 00.000 1 00.000 2 00.000 3 00.000 5 00.000 
